%YAML:1.0
---
model_type: PINHOLE
camera_name: camera
image_width: 1280
image_height: 720
distortion_parameters:
   k1: 0
   k2: 0
   p1: 0
   p2: 0
projection_parameters:
   fx: 691.2053253392289
   fy: 690.1347839096699
   cx: 622.4553132282573
   cy: 356.09665071845933
