cam0:
  cam_overlaps: [1]
  camera_model: pinhole
  distortion_coeffs: [0.03725052823495132, -0.05378659517448043, 0.003149783479596222,
    0.003899607347279444]
  distortion_model: radtan
  intrinsics: [689.4312370164555, 688.9893904487758, 624.3763728136926, 356.7418574117534]
  resolution: [1280, 720]
  rostopic: /zed/zed_node/left/image_rect_color2
cam1:
  T_cn_cnm1:
  - [0.9999946467017682, -0.0013964174997767311, 0.0029591529149837277, -0.12007388652822476]
  - [0.001392339815781367, 0.9999980790413657, 0.0013796026304396722, -0.00013216594979923997]
  - [-0.0029610737318292667, -0.0013754750985908312, 0.9999946700411007, 7.905719153067839e-05]
  - [0.0, 0.0, 0.0, 1.0]
  cam_overlaps: [0]
  camera_model: pinhole
  distortion_coeffs: [0.017271676668180726, -0.00702613583820903, 0.0026729824408928335,
    0.004221439859983568]
  distortion_model: radtan
  intrinsics: [691.2053253392289, 690.1347839096699, 622.4553132282573, 356.09665071845933]
  resolution: [1280, 720]
  rostopic: /zed/zed_node/right/image_rect_color2
