cam0:
  T_cam_imu:
  - [-0.025674538567002442, -0.99942333005964, -0.022222182653175993, -0.0010581915523436573]
  - [-0.020345264195547497, 0.02274730466636371, -0.9995342066959133, 0.00014149845188868513]
  - [0.9994633001237138, -0.025210463361771906, -0.020917558244209072, 7.849204150082839e-05]
  - [0.0, 0.0, 0.0, 1.0]
  cam_overlaps: [1]
  camera_model: pinhole
  distortion_coeffs: [0.03725052823495132, -0.05378659517448043, 0.003149783479596222,
    0.003899607347279444]
  distortion_model: radtan
  intrinsics: [689.4312370164555, 688.9893904487758, 624.3763728136926, 356.7418574117534]
  resolution: [1280, 720]
  rostopic: /zed/zed_node/left/image_rect_color2
  timeshift_cam_imu: 0.0030339303812638805
cam1:
  T_cam_imu:
  - [-0.022688425902599924, -0.9995243461989474, -0.020888194886801936, -0.12113203773671445]
  - [-0.019002110597556576, 0.021320943652901048, -0.9995920853801255, 7.967155872643677e-06]
  - [0.9995619816314046, -0.02228225117254995, -0.019476810821665164, 0.00016048757028397798]
  - [0.0, 0.0, 0.0, 1.0]
  T_cn_cnm1:
  - [0.9999946467017677, -0.0013964174997767313, 0.002959152914983728, -0.12007388652822476]
  - [0.0013923398157813672, 0.9999980790413653, 0.001379602630439672, -0.00013216594979923997]
  - [-0.002961073731829267, -0.001375475098590831, 0.9999946700411002, 7.905719153067839e-05]
  - [0.0, 0.0, 0.0, 1.0]
  cam_overlaps: [0]
  camera_model: pinhole
  distortion_coeffs: [0.017271676668180726, -0.00702613583820903, 0.0026729824408928335,
    0.004221439859983568]
  distortion_model: radtan
  intrinsics: [691.2053253392289, 690.1347839096699, 622.4553132282573, 356.09665071845933]
  resolution: [1280, 720]
  rostopic: /zed/zed_node/right/image_rect_color2
  timeshift_cam_imu: -0.0022328037002460966
