%YAML:1.0
---
model_type: PINHOLE
camera_name: camera
image_width: 1280
image_height: 720
distortion_parameters:
   k1: 0
   k2: 0
   p1: 0
   p2: 0
projection_parameters:
   fx: 519.0673828125
   fy: 519.0673828125
   cx: 643.3302001953125
   cy: 361.3781433105469
