%YAML:1.0
---
model_type: PINHOLE
camera_name: camera
image_width: 1280
image_height: 720
distortion_parameters:
   k1: -0.05433563098764286
   k2: 0.05426965668562535
   p1: 0.000995500237768329
   p2: 0.0002492522008969816
projection_parameters:
   fx: 511.9552987202754
   fy: 512.2191212210165
   cx: 643.4210392168528
   cy: 364.7170059624664
